image: map8.pgm
resolution: 0.050000
origin: [-52.506233, -53.821579, 0.000000]
negate: 0
occupied_thresh: 0.65
free_thresh: 0.196
